89
89
60
96
73
95
77
7
67
36
1
34
92
73
6
4
13
18
86
50
83
45
40
10
28
82
24
76
46
86
16
20
50
64
63
25
60
6
22
4
40
52
41
28
57
42
66
59
84
82
44
25
49
65
17
93
42
100
67
60
51
50
44
43
65
84
13
49
90
68
18
65
10
47
75
84
34
81
39
87
90
70
37
88
68
71
61
79
75
42
67
95
17
18
26
18
76
91
57
82
89
89
60
96
73
95
77
7
67
36
1
34
92
73
6
4
13
18
86
50
83
45
40
10
28
82
24
76
46
86
16
20
50
64
63
25
60
6
22
4
40
52
41
28
57
42
66
59
84
82
44
25
49
65
17
93
42
100
67
60
51
50
44
43
65
84
13
49
90
68
18
65
10
47
75
84
34
81
39
87
90
70
37
88
68
71
61
79
75
42
67
95
17
18
26
18
76
91
57
82